0 0.319583 0.451500 0.039167 0.055000
0 0.129167 0.668500 0.035000 0.027000
0 0.036667 0.678000 0.035000 0.034000
0 0.307917 0.692000 0.034167 0.040000
0 0.556250 0.458000 0.044167 0.048000
0 0.625417 0.641000 0.045833 0.042000
0 0.929583 0.270500 0.042500 0.057000
0 0.392917 0.707500 0.029167 0.047000
1 0.019583 0.725500 0.017500 0.051000
1 0.284167 0.521000 0.051667 0.120000
1 0.537500 0.551500 0.065000 0.139000
1 0.359583 0.731500 0.062500 0.121000
1 0.600417 0.730000 0.065833 0.114000
1 0.953750 0.369500 0.052500 0.139000
