0 0.099365 0.148352 0.024902 0.032967
0 0.246826 0.143956 0.024902 0.021245
0 0.192383 0.383150 0.051758 0.080586
0 0.474365 0.312821 0.035645 0.063004
0 0.734863 0.302564 0.060547 0.065934
0 0.927490 0.187912 0.022949 0.028571
0 0.801758 0.121978 0.014648 0.019780
0 0.751221 0.117582 0.018066 0.022711
0 0.712158 0.121978 0.020996 0.022711
0 0.712646 0.209890 0.037598 0.047619
0 0.316895 0.513187 0.083984 0.125275
0 0.508301 0.580586 0.082031 0.093040
0 0.091064 0.250183 0.019043 0.035897
0 0.304932 0.209890 0.029785 0.035897
0 0.407959 0.169963 0.020996 0.024908
1 0.761475 0.456410 0.111816 0.203663
1 0.537109 0.796703 0.181641 0.318681
1 0.212158 0.638828 0.127441 0.212454
1 0.119629 0.448352 0.093750 0.133333
1 0.051270 0.266667 0.058594 0.089377
1 0.410156 0.357143 0.079102 0.106227
1 0.413574 0.231502 0.045898 0.079121
1 0.304443 0.269597 0.059082 0.092308
1 0.243652 0.210256 0.058594 0.076190
1 0.088867 0.200000 0.055664 0.055678
