0 0.232090 0.577354 0.052239 0.060538
0 0.504478 0.524664 0.041791 0.049327
0 0.544776 0.625561 0.050746 0.049327
0 0.617164 0.529148 0.046269 0.049327
0 0.693284 0.295964 0.055224 0.053812
0 0.852239 0.471973 0.053731 0.051570
0 0.123881 0.809417 0.056716 0.058296
1 0.105970 0.913677 0.080597 0.150224
1 0.215672 0.676009 0.079104 0.150224
1 0.570896 0.726457 0.088060 0.139013
1 0.871642 0.596413 0.101493 0.165919
1 0.507463 0.627803 0.056716 0.125561
1 0.666418 0.603139 0.076119 0.112108
1 0.696269 0.411435 0.088060 0.136771
