0 0.130147 0.330110 0.029412 0.157459
0 0.193382 0.475138 0.052941 0.121547
0 0.243750 0.107735 0.028676 0.077348
0 0.310294 0.125691 0.039706 0.085635
0 0.344853 0.121547 0.019118 0.055249
0 0.366176 0.064917 0.029412 0.069061
0 0.391912 0.067680 0.027941 0.074586
0 0.477574 0.052486 0.049265 0.082873
0 0.723529 0.183702 0.032353 0.074586
0 0.776838 0.232044 0.028676 0.077348
0 0.822794 0.225138 0.025000 0.080110
0 0.859926 0.313536 0.036029 0.080110
0 0.856985 0.212707 0.030147 0.060773
1 0.050368 0.487569 0.080147 0.328729
1 0.225368 0.770718 0.043382 0.370166
1 0.888235 0.567680 0.057353 0.372928
1 0.718382 0.476519 0.067647 0.378453
1 0.904044 0.252762 0.013971 0.074586
1 0.923897 0.303867 0.025735 0.127072
